EventCount 6
E1 0
E2 1
E3 1
E4 2
E5 2
E6 3
1 1 1 0 0 1
1 1 0 1 1 0
1 1 1 0 0 0
1 1 0 0 0 0
1 1 0 1 0 1
1 1 0 0 0 1
0 0 0 0 1 0
1 1 0 1 0 0
1 1 0 1 1 0
1 1 0 1 1 1
1 1 0 0 0 1
1 1 0 0 0 1
1 1 0 0 1 0
0 0 1 0 0 1
1 1 1 1 0 1
1 1 0 0 1 0
1 1 0 1 0 0
1 1 0 1 0 0
0 0 1 0 0 1
1 1 0 0 0 1
1 1 0 0 0 1
1 1 0 1 0 0
0 0 1 1 0 0
0 1 1 1 0 0
1 1 0 0 0 1
1 1 0 0 0 1
1 1 0 0 1 1
0 0 1 0 0 1
1 1 0 0 0 0
0 1 1 1 1 0
1 1 1 1 0 0
0 1 1 0 0 0
1 1 0 1 0 0
0 0 1 0 0 1
1 0 0 0 1 1
0 0 0 0 1 0
0 1 1 1 0 0
1 1 0 1 0 0
1 1 0 1 0 0
0 0 1 1 0 0
1 1 0 1 0 0
1 1 0 0 1 0
1 1 0 0 0 1
0 0 1 0 0 1
1 1 0 0 0 1
0 0 1 1 0 1
1 1 0 0 1 1
1 1 0 1 0 0
1 1 0 1 0 0
1 0 0 0 1 0
0 1 1 1 0 0
1 1 0 1 0 1
0 0 1 0 0 1
1 1 0 1 1 0
1 1 1 1 0 0
1 1 0 1 1 0
1 1 0 1 1 0
1 1 0 1 0 0
1 1 0 1 1 0
1 1 1 0 0 1
1 1 0 0 1 0
1 1 0 0 0 0
0 0 1 1 1 0
1 1 1 1 0 1
0 0 1 1 0 0
0 1 1 1 0 1
0 0 1 1 0 1
0 0 1 1 0 0
0 0 1 0 0 1
0 0 1 1 0 1
1 1 0 0 1 0
1 1 0 0 0 1
1 1 0 0 0 1
0 1 1 1 0 0
1 1 0 0 0 1
0 1 0 1 1 0
0 0 0 0 0 1
0 1 1 1 1 1
1 1 0 0 1 1
1 1 0 0 1 0
0 0 1 1 0 1
1 1 0 1 1 0
0 0 1 0 0 1
1 1 0 0 1 1
1 1 0 1 0 0
0 0 1 1 0 0
1 1 0 1 1 0
0 1 1 1 0 0
1 1 0 1 1 1
1 1 0 1 0 0
1 1 0 1 1 0
1 1 0 1 0 1
1 1 1 1 0 1
1 1 0 0 0 1
1 1 0 1 1 0
0 0 1 1 0 0
0 0 1 0 0 1
1 1 0 1 0 1
1 1 0 1 0 1
0 0 1 0 0 1
1 1 0 0 1 0
1 1 0 1 0 0
1 1 0 1 1 0
1 1 0 1 0 0
1 1 0 1 1 0
1 0 0 0 0 0
1 1 0 0 0 1
1 1 0 1 0 1
0 0 1 0 1 0
1 1 1 1 0 0
0 1 1 1 0 0
1 1 1 1 0 0
1 1 0 1 0 0
1 1 0 0 0 1
1 1 0 1 0 1
0 1 0 1 1 0
0 0 0 0 1 0
1 1 0 1 0 0
0 0 1 1 1 0
1 1 0 0 0 1
1 1 0 1 1 0
0 0 1 1 0 0
0 0 1 1 1 0
1 0 0 0 1 0
1 1 0 0 1 1
1 1 1 1 1 1
0 0 0 0 1 1
1 1 1 1 0 0
1 1 0 0 0 1
0 0 1 0 0 1
1 0 1 0 0 1
1 1 0 1 1 0
0 0 1 0 0 1
1 1 0 1 1 1
0 0 1 0 1 1
1 1 1 1 0 1
1 1 1 1 0 0
0 0 1 0 0 1
0 0 1 1 0 1
1 1 0 0 0 1
1 0 0 0 1 1
1 1 0 1 0 1
0 0 1 1 0 0
1 1 0 1 0 1
1 1 1 1 0 1
1 1 1 0 0 1
1 1 1 1 0 0
1 1 0 0 0 1
1 1 0 1 0 1
1 1 1 0 0 1
1 0 0 1 1 0
1 1 0 0 1 1
1 1 0 1 0 0
1 0 0 0 1 0
1 1 0 1 0 0
1 1 0 1 0 0
1 1 0 0 1 0
1 1 1 1 0 0
1 1 1 1 0 0
1 0 0 0 0 1
0 0 1 0 0 1
1 1 0 1 0 1
0 0 1 1 0 0
1 1 0 1 1 0
1 1 0 1 0 0
1 1 0 0 1 0
0 0 1 0 0 1
0 1 1 1 1 1
0 1 1 1 0 0
1 1 0 1 1 0
0 0 0 1 1 0
1 1 0 1 0 0
1 1 0 1 0 1
0 1 1 0 0 1
1 1 1 1 0 0
0 0 1 1 0 1
1 1 0 1 0 0
1 1 0 0 0 1
1 0 1 1 1 1
1 1 1 0 0 0
1 1 1 0 0 1
1 0 0 0 1 1
0 0 0 0 1 1
1 1 1 1 0 0
1 1 0 1 0 0
1 1 1 1 0 0
1 1 0 0 0 1
1 1 0 1 1 0
1 1 0 0 0 0
1 1 0 1 1 0
1 1 0 1 0 0
0 0 0 1 1 0
0 0 1 1 0 0
1 1 0 1 0 1
1 1 0 0 0 1
1 1 0 1 0 0
1 1 1 1 0 0
1 1 0 1 0 0
1 1 0 1 1 0
1 1 0 0 1 0
